-75.867200 -45.051500 19.823507
-75.844100 -44.950200 17.579999
-75.821000 -44.849000 15.412914
-75.816100 -44.749300 13.310544
-75.811300 -44.649500 11.268984
-75.806400 -44.549800 9.315291
-75.801500 -44.450000 7.499645
-75.796600 -44.350300 5.905400
-75.791800 -44.250500 4.619893
-75.786900 -44.150800 3.709746
-75.782000 -44.051000 3.192650
-75.744500 -43.950200 2.733369
-75.707000 -43.849500 2.493498
-75.669500 -43.748800 2.406992
-75.632000 -43.648000 2.408148
-75.613500 -43.479000 2.866858
-75.595000 -43.310000 3.154758
-75.576500 -43.141000 3.260371
-75.558000 -42.972000 3.278406
-75.519000 -42.800300 3.508321
-75.480000 -42.628500 4.069993
-75.441000 -42.456700 4.859744
-75.402000 -42.285000 5.683048
-75.400800 -42.170200 6.051390
-75.399500 -42.055500 6.358764
-75.398300 -41.940800 6.594344
-75.397000 -41.826000 6.769355
-75.395700 -41.711200 6.891879
-75.394500 -41.596500 6.968715
-75.393200 -41.481700 6.986878
-75.392000 -41.367000 6.921924
-75.341300 -41.241000 6.662882
-75.290500 -41.115000 6.221991
-75.239700 -40.989000 5.612939
-75.189000 -40.863000 4.875310
-75.190500 -40.737000 4.115877
-75.192000 -40.611000 3.383494
-75.193500 -40.485000 2.791585
-75.195000 -40.359000 2.432602
-75.178200 -40.222500 2.363238
-75.161500 -40.086000 2.626997
-75.144800 -39.949500 3.157251
-75.128000 -39.813000 3.834276
-75.138500 -39.688500 4.444327
-75.149000 -39.564000 4.902265
-75.108800 -39.440000 5.226796
-75.068500 -39.316000 5.421798
-75.028200 -39.192000 5.569981
-74.988000 -39.068000 5.766109
-74.950000 -38.936500 6.088219
-74.912000 -38.805000 6.623120
-74.874000 -38.673500 7.329947
-74.836000 -38.542000 8.087403
-74.790800 -38.441000 8.703564
-74.745500 -38.340000 9.135216
-74.700300 -38.239000 9.345953
-74.655000 -38.138000 9.340318
-74.640300 -37.994200 8.906161
-74.625500 -37.850500 8.400185
-74.610700 -37.706700 7.975960
-74.596000 -37.563000 7.729763
-74.576800 -37.458200 7.666707
-74.557500 -37.353500 7.670688
-74.538300 -37.248800 7.747038
-74.519000 -37.144000 7.902406
-74.499800 -37.039200 8.174255
-74.480500 -36.934500 8.608675
-74.461300 -36.829800 9.248075
-74.442000 -36.725000 10.132012
-74.397000 -36.585000 11.617025
-74.352000 -36.445000 13.595991
-74.307000 -36.305000 15.981706
-74.262000 -36.165000 18.601713
-74.170700 -36.018200 21.438889
-74.079500 -35.871500 24.053223
-73.988200 -35.724800 26.126388
-73.897000 -35.578000 27.434479
-73.841500 -35.405500 28.069469
-73.786000 -35.233000 27.764787
-73.730500 -35.060500 26.807593
-73.675000 -34.888000 25.547914
-73.567700 -34.738500 24.123599
-73.460500 -34.589000 22.766766
-73.353300 -34.439500 21.418855
-73.246000 -34.290000 19.985317
-73.169000 -34.176700 18.814985
-73.092000 -34.063500 17.522929
-73.015000 -33.950200 16.075263
-72.938000 -33.837000 14.429538
-72.918800 -33.717500 12.711454
-72.899500 -33.598000 10.821581
-72.880300 -33.478500 8.864510
-72.861000 -33.359000 6.974172
-72.868000 -33.204800 4.943398
-72.875000 -33.050500 3.394278
-72.882000 -32.896200 2.362567
-72.889000 -32.742000 1.771001
-72.857200 -32.636300 1.488539
-72.825500 -32.530500 1.327117
-72.793800 -32.424800 1.245984
-72.762000 -32.319000 1.218249
-72.751500 -32.220500 1.299457
-72.741000 -32.122000 1.417451
-72.730500 -32.023500 1.559047
-72.720000 -31.925000 1.720018
-72.709500 -31.826500 1.884212
-72.699000 -31.728000 2.043788
-72.688500 -31.629500 2.192901
-72.678000 -31.531000 2.328613
-72.663000 -31.389500 2.499535
-72.648000 -31.248000 2.664710
-72.633000 -31.106500 2.854034
-72.618000 -30.965000 3.106999
-72.615700 -30.868100 3.335638
-72.613500 -30.771300 3.592860
-72.611200 -30.674400 3.888589
-72.609000 -30.577500 4.211407
-72.606800 -30.480600 4.544976
-72.604500 -30.383700 4.880302
-72.602200 -30.286900 5.204647
-72.600000 -30.190000 5.515483
-72.588800 -30.026500 6.038357
-72.577500 -29.863000 6.623983
-72.566200 -29.699500 7.400786
-72.555000 -29.536000 8.484825
-72.524500 -29.377300 9.891862
-72.494000 -29.218500 11.544894
-72.463500 -29.059800 13.245055
-72.433000 -28.901000 14.750023
-72.367300 -28.745200 15.883334
-72.301500 -28.589500 16.415990
-72.235700 -28.433700 16.340187
-72.170000 -28.278000 15.758861
-72.117000 -28.147200 14.989198
-72.064000 -28.016500 14.054925
-72.011000 -27.885800 13.048869
-71.958000 -27.755000 12.051057
-71.930300 -27.628300 11.201622
-71.902500 -27.501500 10.441216
-71.874800 -27.374700 9.773232
-71.847000 -27.248000 9.174975
-71.823500 -27.099000 8.559621
-71.800000 -26.950000 7.993824
-71.776500 -26.801000 7.453504
-71.753000 -26.652000 6.870642
-71.737400 -26.550500 6.405067
-71.721800 -26.449000 5.847083
-71.706200 -26.347500 5.182611
-71.690500 -26.246000 4.431430
-71.674900 -26.144500 3.633795
-71.659300 -26.043000 2.864228
-71.643700 -25.941500 2.217564
-71.628000 -25.840000 1.789331
-71.615000 -25.746600 1.616541
-71.602000 -25.653200 1.708669
-71.589000 -25.559800 2.061360
-71.576000 -25.466500 2.630417
-71.563000 -25.373100 3.350726
-71.550000 -25.279700 4.162632
-71.537000 -25.186300 4.989593
-71.524000 -25.093000 5.768942
-71.516800 -24.989200 6.498014
-71.509500 -24.885500 7.110753
-71.502300 -24.781800 7.604763
-71.495000 -24.678000 7.996171
-71.487800 -24.574200 8.281298
-71.480500 -24.470500 8.476897
-71.473300 -24.366800 8.557009
-71.466000 -24.263000 8.543927
-71.456500 -24.170500 8.440731
-71.447000 -24.078000 8.264746
-71.437500 -23.985500 8.024059
-71.428000 -23.893000 7.741517
-71.418500 -23.800500 7.435302
-71.409000 -23.708000 7.126143
-71.399500 -23.615500 6.828458
-71.390000 -23.523000 6.546855
-71.384700 -23.427400 6.279341
-71.379500 -23.331700 6.027979
-71.374200 -23.236100 5.787976
-71.369000 -23.140500 5.537930
-71.363800 -23.044900 5.266098
-71.358500 -22.949200 4.958850
-71.353300 -22.853600 4.609939
-71.348000 -22.758000 4.211558
-71.342800 -22.658900 3.749734
-71.337700 -22.559800 3.243626
-71.332600 -22.460700 2.701454
-71.327500 -22.361500 2.131409
-71.322400 -22.262300 1.551914
-71.317300 -22.163200 0.977175
-71.312200 -22.064100 0.424979
-71.307000 -21.965000 -0.104110
-71.292500 -21.789200 -0.954780
-71.278000 -21.613500 -1.718770
-71.263500 -21.437800 -2.520549
-71.249000 -21.262000 -3.505693
-71.267500 -21.136000 -4.318722
-71.286000 -21.010000 -5.261561
-71.304500 -20.884000 -6.293238
-71.323000 -20.758000 -7.355135
-71.332800 -20.630700 -8.404627
-71.342500 -20.503500 -9.415422
-71.352200 -20.376200 -10.390275
-71.362000 -20.249000 -11.380146
-71.393200 -20.139500 -12.348738
-71.424500 -20.030000 -13.401476
-71.455700 -19.920500 -14.534497
-71.487000 -19.811000 -15.745288
-71.551700 -19.682700 -17.336132
-71.616500 -19.554500 -18.981306
-71.681300 -19.426200 -20.652651
-71.746000 -19.298000 -22.307805
-71.811000 -19.226000 -23.271075
-71.876000 -19.154000 -24.197715
-71.941000 -19.082000 -25.098106
-72.006000 -19.010000 -25.993788
-72.071000 -18.938000 -26.931013
-72.136000 -18.866000 -27.960887
-72.201000 -18.794000 -29.123604
-72.266000 -18.722000 -30.481089
-72.383700 -18.605800 -33.154492
-72.501500 -18.489500 -36.297714
-72.619200 -18.373200 -39.585086
-72.737000 -18.257000 -42.635059
-72.819900 -18.193200 -44.189897
-72.902700 -18.129500 -45.513997
-72.985600 -18.065800 -46.592114
-73.068500 -18.002000 -47.467887
-73.151400 -17.938300 -48.138369
-73.234300 -17.874500 -48.666252
-73.317100 -17.810700 -49.085424
-73.400000 -17.747000 -49.447238
-73.537300 -17.653800 -49.990633
-73.674500 -17.560500 -50.621179
-73.811700 -17.467200 -51.375856
-73.949000 -17.374000 -52.212252
-74.031500 -17.305100 -52.762812
-74.114000 -17.236200 -53.281343
-74.196500 -17.167300 -53.739217
-74.279000 -17.098500 -54.101527
-74.361500 -17.029700 -54.347750
-74.444000 -16.960800 -54.455320
-74.526500 -16.891900 -54.418243
-74.609000 -16.823000 -54.247418
-74.694400 -16.761400 -53.951092
-74.779800 -16.699800 -53.580650
-74.865100 -16.638100 -53.177394
-74.950500 -16.576500 -52.780965
-75.035900 -16.514800 -52.427602
-75.121300 -16.453200 -52.138595
-75.206600 -16.391600 -51.919215
-75.292000 -16.330000 -51.756858
-75.370000 -16.255700 -51.658958
-75.448000 -16.181500 -51.570071
-75.526000 -16.107300 -51.449401
-75.604000 -16.033000 -51.269537
-75.682000 -15.958800 -51.001012
-75.760000 -15.884500 -50.637546
-75.838000 -15.810200 -50.176689
-75.916000 -15.736000 -49.623214
-75.916000 -15.736000 -49.623214
-76.037700 -15.606700 -48.565133
-76.159500 -15.477500 -47.264874
-76.281200 -15.348300 -45.693304
-76.403000 -15.219000 -43.819950
-76.493500 -15.125000 -42.326338
-76.584000 -15.031000 -40.841445
-76.674500 -14.937000 -39.481212
-76.765000 -14.843000 -38.360598
-76.855000 -14.749000 -37.552194
-76.945000 -14.655000 -37.077231
-77.035000 -14.561000 -36.866505
-77.125000 -14.467000 -36.824849
-77.189300 -14.397900 -36.828249
-77.253500 -14.328700 -36.834029
-77.317800 -14.259600 -36.806549
-77.382000 -14.190500 -36.737866
-77.446200 -14.121400 -36.611772
-77.510500 -14.052300 -36.427243
-77.574700 -13.983200 -36.186671
-77.639000 -13.914000 -35.907755
-77.702600 -13.848100 -35.620380
-77.766200 -13.782200 -35.345048
-77.829800 -13.716300 -35.111866
-77.893500 -13.650500 -34.953998
-77.957100 -13.584600 -34.909559
-78.020700 -13.518800 -34.990221
-78.084400 -13.452900 -35.202465
-78.148000 -13.387000 -35.539702
-78.212700 -13.293700 -36.056246
-78.277500 -13.200500 -36.666516
-78.342300 -13.107300 -37.293766
-78.407000 -13.014000 -37.873235
-78.471500 -12.920700 -38.351816
-78.536000 -12.827500 -38.676672
-78.600500 -12.734200 -38.819308
-78.665000 -12.641000 -38.753356
-78.725300 -12.547200 -38.452827
-78.785500 -12.453300 -37.914840
-78.845800 -12.359400 -37.151059
-78.906000 -12.265500 -36.211729
-78.966300 -12.171600 -35.161710
-79.026500 -12.077700 -34.101875
-79.086700 -11.983900 -33.136885
-79.147000 -11.890000 -32.347814
-79.205800 -11.815100 -31.816830
-79.264700 -11.740200 -31.473438
-79.323600 -11.665400 -31.303772
-79.382500 -11.590500 -31.311759
-79.441300 -11.515700 -31.438173
-79.500200 -11.440800 -31.658284
-79.559100 -11.365900 -31.931908
-79.618000 -11.291000 -32.231665
-79.665300 -11.199600 -32.582528
-79.712700 -11.108200 -32.904151
-79.760100 -11.016800 -33.213439
-79.807500 -10.925500 -33.541438
-79.854900 -10.834200 -33.884167
-79.902300 -10.742800 -34.242132
-79.949600 -10.651400 -34.583993
-79.997000 -10.560000 -34.866119
-80.043400 -10.480100 -35.060684
-80.089800 -10.400200 -35.129830
-80.136200 -10.320400 -35.046262
-80.182500 -10.240500 -34.826589
-80.228800 -10.160700 -34.446054
-80.275200 -10.080800 -33.959364
-80.321600 -10.000900 -33.364706
-80.368000 -9.921000 -32.709675
-80.451200 -9.799300 -31.576751
-80.534500 -9.677500 -30.370883
-80.617800 -9.555700 -29.112007
-80.701000 -9.434000 -27.807552
-80.743500 -9.337800 -26.860330
-80.786000 -9.241700 -25.947701
-80.828500 -9.145600 -25.119686
-80.871000 -9.049500 -24.426516
-80.913500 -8.953400 -23.905975
-80.956000 -8.857300 -23.564371
-80.998500 -8.761200 -23.387518
-81.041000 -8.665000 -23.333139
-81.082800 -8.580300 -23.341635
-81.124500 -8.495700 -23.375249
-81.166200 -8.411100 -23.407027
-81.208000 -8.326500 -23.413670
-81.249800 -8.241800 -23.390729
-81.291500 -8.157200 -23.332712
-81.333200 -8.072600 -23.246011
-81.375000 -7.988000 -23.142704
-81.418500 -7.817500 -22.910399
-81.462000 -7.647000 -22.697330
-81.505500 -7.476500 -22.510900
-81.549000 -7.306000 -22.276931
-81.607800 -7.143300 -21.899726
-81.666500 -6.980500 -21.213208
-81.725300 -6.817800 -20.200902
-81.784000 -6.655000 -18.899379
-81.826500 -6.492000 -17.419859
-81.869000 -6.329000 -15.740381
-81.911500 -6.166000 -13.826880
-81.954000 -6.003000 -11.681229
-81.959500 -5.909300 -10.444075
-81.965000 -5.815500 -9.186351
-81.970500 -5.721800 -7.937375
-81.976000 -5.628000 -6.725508
-81.981500 -5.534300 -5.574238
-81.987000 -5.440500 -4.499145
-81.992500 -5.346800 -3.502133
-81.998000 -5.253000 -2.577856
-81.999500 -5.159300 -1.721953
-82.001000 -5.065700 -0.899587
-82.002500 -4.972100 -0.090014
-82.004000 -4.878500 0.720579
-82.005500 -4.784900 1.540253
-82.007000 -4.691300 2.369674
-82.008500 -4.597600 3.203448
-82.010000 -4.504000 4.031733
-81.999500 -4.406100 4.875160
-81.989000 -4.308200 5.701094
-81.978500 -4.210400 6.489160
-81.968000 -4.112500 7.237200
-81.957500 -4.014600 7.939651
-81.947000 -3.916700 8.600886
-81.936500 -3.818900 9.217782
-81.926000 -3.721000 9.787834
-81.890100 -3.629200 10.258067
-81.854200 -3.537300 10.613471
-81.818300 -3.445500 10.812383
-81.782300 -3.353700 10.809499
-81.746400 -3.261800 10.575149
-81.710400 -3.170000 10.081803
-81.674500 -3.078200 9.344555
-81.638500 -2.986400 8.362247
-81.608500 -2.845700 6.746402
-81.578500 -2.704900 4.987187
-81.548500 -2.564100 3.403578
-81.518500 -2.423400 2.289401
-81.535300 -2.267600 2.178377
-81.552000 -2.111900 2.878086
-81.568700 -1.956200 4.241676
-81.585500 -1.800400 5.991794
-81.562500 -1.710500 6.887778
-81.539500 -1.620600 7.770361
-81.516500 -1.530800 8.607864
-81.493500 -1.440900 9.405335
-81.470500 -1.351000 10.147672
-81.447500 -1.261100 10.868140
-81.424500 -1.171300 11.577731
-81.401500 -1.081400 12.330028
-81.378300 -0.980000 13.233293
-81.355000 -0.878600 14.189759
-81.331700 -0.777200 15.203298
-81.308500 -0.675900 16.274869
-81.285200 -0.574500 17.351521
-81.262000 -0.473100 18.425442
-81.238800 -0.371800 19.462149
-81.215500 -0.270400 20.435051
-81.172800 -0.180900 21.319759
-81.130000 -0.091400 22.143007
-81.087200 -0.001900 22.897625
-81.044500 0.087600 23.585161
-81.001800 0.177100 24.225971
-80.959000 0.266600 24.845913
-80.916300 0.356100 25.474996
-80.873500 0.445600 26.145078
-80.795300 0.600800 27.489461
-80.717000 0.756100 29.049538
-80.638800 0.911300 30.718337
-80.560500 1.066600 32.364832
-80.490000 1.190600 33.642715
-80.419500 1.314600 34.873129
-80.349000 1.438600 36.088399
-80.278500 1.562600 37.300607
-80.215800 1.628200 38.006609
-80.153200 1.693800 38.701896
-80.090600 1.759400 39.373958
-80.028000 1.825100 40.010441
-79.965400 1.890700 40.594522
-79.902700 1.956400 41.115401
-79.840100 2.022000 41.554451
-79.777500 2.087600 41.903204
-79.699300 2.175900 42.192777
-79.621000 2.264100 42.237653
-79.542700 2.352300 41.970901
-79.464500 2.440600 41.344378
-79.386300 2.528900 40.335716
-79.308000 2.617100 38.999220
-79.229700 2.705400 37.418387
-79.151500 2.793600 35.725472
-79.088700 2.870100 34.316395
-79.025800 2.946600 32.986010
-78.962900 3.023100 31.779297
-78.900000 3.099600 30.678966
-78.837100 3.176100 29.665299
-78.774200 3.252600 28.679364
-78.711300 3.329100 27.685291
-78.648500 3.405600 26.656750
-78.608500 3.489900 25.710090
-78.568500 3.574100 24.779958
-78.528500 3.658300 23.891186
-78.488500 3.742600 23.093253
-78.448500 3.826800 22.407677
-78.408500 3.911100 21.841700
-78.368500 3.995400 21.401908
-78.328500 4.079600 21.037394
-78.295700 4.175300 20.710339
-78.263000 4.271100 20.361857
-78.230300 4.366800 19.952885
-78.197500 4.462600 19.451321
-78.164700 4.558300 18.859764
-78.132000 4.654000 18.185453
-78.099300 4.749800 17.436162
-78.066500 4.845500 16.650421
-78.036700 5.010700 15.096198
-78.006900 5.175900 13.502836
-77.977100 5.341100 11.984289
-77.947300 5.506300 10.570062
-77.965300 5.677600 8.495464
-77.983300 5.848900 6.185097
-78.009900 5.957700 4.291095
-78.036500 6.066500 2.243380
-78.072500 6.135500 0.554721
-78.127300 6.267900 -2.528089
-78.167800 6.362500 -4.746752
-78.203800 6.452500 -6.718836
-78.257800 6.547000 -8.962629
-78.311800 6.628000 -10.864815
-78.383800 6.727000 -13.028148
-78.455800 6.848500 -14.793516
-78.545900 6.983400 -15.984305
