-72.525463 -18.346388
-72.455343 -18.289954
-72.385222 -18.233521
-72.315102 -18.177087
-72.244982 -18.120653
-72.174862 -18.064219
-72.104741 -18.007786
-72.034621 -17.951352
-71.964501 -17.894918
-71.894380 -17.838485
-71.824260 -17.782051
-71.754140 -17.725617
-71.684019 -17.669184
-71.613899 -17.612750
-71.543779 -17.556316
-71.473659 -17.499882
-71.403538 -17.443449
-71.333418 -17.387015
-72.431528 -18.439932
-72.358960 -18.386683
-72.286391 -18.333435
-72.213823 -18.280186
-72.141254 -18.226937
-72.068686 -18.173688
-71.996117 -18.120440
-71.923549 -18.067191
-71.850980 -18.013942
-71.778412 -17.960693
-71.705843 -17.907445
-71.633275 -17.854196
-71.560706 -17.800947
-71.488138 -17.747698
-71.415569 -17.694449
-71.343001 -17.641201
-71.270432 -17.587952
-71.197864 -17.534703
-72.337746 -18.533439
-72.262971 -18.483337
-72.188195 -18.433234
-72.113420 -18.383132
-72.038645 -18.333029
-71.963869 -18.282926
-71.889094 -18.232824
-71.814319 -18.182721
-71.739543 -18.132618
-71.664768 -18.082516
-71.589993 -18.032413
-71.515217 -17.982311
-71.440442 -17.932208
-71.365667 -17.882105
-71.290891 -17.832003
-71.216116 -17.781900
-71.141341 -17.731798
-71.066566 -17.681695
-72.244298 -18.626697
-72.167670 -18.579478
-72.091041 -18.532259
-72.014412 -18.485040
-71.937783 -18.437821
-71.861155 -18.390601
-71.784526 -18.343382
-71.707897 -18.296163
-71.631268 -18.248944
-71.554639 -18.201725
-71.478011 -18.154505
-71.401382 -18.107286
-71.324753 -18.060067
-71.248124 -18.012848
-71.171496 -17.965629
-71.094867 -17.918410
-71.018238 -17.871190
-70.941609 -17.823971
-72.155566 -18.719675
-72.077401 -18.675044
-71.999236 -18.630414
-71.921071 -18.585783
-71.842907 -18.541153
-71.764742 -18.496522
-71.686577 -18.451891
-71.608412 -18.407261
-71.530247 -18.362630
-71.452083 -18.318000
-71.373918 -18.273369
-71.295753 -18.228738
-71.217588 -18.184108
-71.139424 -18.139477
-71.061259 -18.094847
-70.983094 -18.050216
-70.904929 -18.005586
-70.826764 -17.960955
-72.072729 -18.812215
-71.993387 -18.769712
-71.914045 -18.727210
-71.834703 -18.684707
-71.755361 -18.642205
-71.676019 -18.599702
-71.596677 -18.557200
-71.517335 -18.514697
-71.437993 -18.472195
-71.358651 -18.429692
-71.279309 -18.387190
-71.199967 -18.344687
-71.120625 -18.302185
-71.041283 -18.259682
-70.961941 -18.217180
-70.882599 -18.174677
-70.803257 -18.132174
-70.723915 -18.089672
-71.990106 -18.904471
-71.909811 -18.863798
-71.829516 -18.823124
-71.749221 -18.782451
-71.668926 -18.741777
-71.588631 -18.701104
-71.508336 -18.660431
-71.428040 -18.619757
-71.347745 -18.579084
-71.267450 -18.538410
-71.187155 -18.497737
-71.106860 -18.457063
-71.026565 -18.416390
-70.946270 -18.375717
-70.865975 -18.335043
-70.785680 -18.294370
-70.705385 -18.253696
-70.625090 -18.213023
-71.907618 -18.996548
-71.826513 -18.957515
-71.745408 -18.918482
-71.664303 -18.879449
-71.583197 -18.840416
-71.502092 -18.801383
-71.420987 -18.762350
-71.339882 -18.723317
-71.258777 -18.684284
-71.177672 -18.645251
-71.096566 -18.606218
-71.015461 -18.567185
-70.934356 -18.528152
-70.853251 -18.489119
-70.772146 -18.450086
-70.691041 -18.411053
-70.609936 -18.372020
-70.528830 -18.332987
-71.825184 -19.088592
-71.743326 -19.051164
-71.661468 -19.013736
-71.579609 -18.976309
-71.497751 -18.938881
-71.415893 -18.901453
-71.334034 -18.864026
-71.252176 -18.826598
-71.170317 -18.789171
-71.088459 -18.751743
-71.006601 -18.714315
-70.924742 -18.676888
-70.842884 -18.639460
-70.761026 -18.602032
-70.679167 -18.564605
-70.597309 -18.527177
-70.515450 -18.489750
-70.433592 -18.452322
-71.742766 -19.180684
-71.660170 -19.144912
-71.577575 -19.109141
-71.494979 -19.073370
-71.412384 -19.037598
-71.329788 -19.001827
-71.247192 -18.966056
-71.164597 -18.930284
-71.082001 -18.894513
-70.999405 -18.858742
-70.916810 -18.822971
-70.834214 -18.787199
-70.751619 -18.751428
-70.669023 -18.715657
-70.586427 -18.679885
-70.503832 -18.644114
-70.421236 -18.608343
-70.338641 -18.572571
-71.663213 -19.272855
-71.579885 -19.238825
-71.496557 -19.204794
-71.413229 -19.170763
-71.329902 -19.136732
-71.246574 -19.102701
-71.163246 -19.068670
-71.079918 -19.034639
-70.996591 -19.000608
-70.913263 -18.966577
-70.829935 -18.932546
-70.746607 -18.898515
-70.663280 -18.864484
-70.579952 -18.830453
-70.496624 -18.796422
-70.413296 -18.762391
-70.329969 -18.728360
-70.246641 -18.694329
-71.616887 -19.364995
-71.532882 -19.332671
-71.448878 -19.300346
-71.364873 -19.268022
-71.280869 -19.235698
-71.196864 -19.203373
-71.112860 -19.171049
-71.028855 -19.138725
-70.944851 -19.106400
-70.860846 -19.074076
-70.776842 -19.041752
-70.692837 -19.009427
-70.608833 -18.977103
-70.524828 -18.944779
-70.440824 -18.912454
-70.356819 -18.880130
-70.272815 -18.847805
-70.188810 -18.815481
-71.570567 -19.457158
-71.485917 -19.426563
-71.401267 -19.395969
-71.316617 -19.365375
-71.231967 -19.334781
-71.147317 -19.304187
-71.062667 -19.273593
-70.978017 -19.242999
-70.893367 -19.212405
-70.808717 -19.181811
-70.724067 -19.151217
-70.639417 -19.120623
-70.554767 -19.090029
-70.470117 -19.059435
-70.385467 -19.028841
-70.300817 -18.998247
-70.216167 -18.967653
-70.131517 -18.937059
-71.524262 -19.549331
-71.439002 -19.520479
-71.353743 -19.491627
-71.268483 -19.462775
-71.183224 -19.433923
-71.097964 -19.405071
-71.012705 -19.376219
-70.927445 -19.347367
-70.842186 -19.318515
-70.756926 -19.289663
-70.671667 -19.260811
-70.586407 -19.231959
-70.501148 -19.203108
-70.415888 -19.174256
-70.330629 -19.145404
-70.245369 -19.116552
-70.160110 -19.087700
-70.074850 -19.058848
-71.477969 -19.641497
-71.392142 -19.614379
-71.306316 -19.587262
-71.220489 -19.560144
-71.134662 -19.533027
-71.048835 -19.505909
-70.963008 -19.478792
-70.877181 -19.451674
-70.791354 -19.424556
-70.705527 -19.397439
-70.619700 -19.370321
-70.533873 -19.343204
-70.448047 -19.316086
-70.362220 -19.288968
-70.276393 -19.261851
-70.190566 -19.234733
-70.104739 -19.207616
-70.018912 -19.180498
-71.431812 -19.733627
-71.345468 -19.708206
-71.259123 -19.682785
-71.172778 -19.657364
-71.086434 -19.631943
-71.000089 -19.606522
-70.913745 -19.581100
-70.827400 -19.555679
-70.741056 -19.530258
-70.654711 -19.504837
-70.568366 -19.479416
-70.482022 -19.453995
-70.395677 -19.428574
-70.309333 -19.403152
-70.222988 -19.377731
-70.136644 -19.352310
-70.050299 -19.326889
-69.963954 -19.301468
-71.393874 -19.825685
-71.307069 -19.801884
-71.220264 -19.778083
-71.133459 -19.754283
-71.046653 -19.730482
-70.959848 -19.706681
-70.873043 -19.682880
-70.786238 -19.659080
-70.699433 -19.635279
-70.612627 -19.611478
-70.525822 -19.587677
-70.439017 -19.563876
-70.352212 -19.540076
-70.265407 -19.516275
-70.178601 -19.492474
-70.091796 -19.468673
-70.004991 -19.444872
-69.918186 -19.421072
-71.367639 -19.917629
-71.280437 -19.895328
-71.193234 -19.873027
-71.106031 -19.850727
-71.018829 -19.828426
-70.931626 -19.806126
-70.844423 -19.783825
-70.757221 -19.761524
-70.670018 -19.739224
-70.582815 -19.716923
-70.495613 -19.694622
-70.408410 -19.672322
-70.321207 -19.650021
-70.234005 -19.627721
-70.146802 -19.605420
-70.059599 -19.583119
-69.972397 -19.560819
-69.885194 -19.538518
-71.341512 -20.009504
-71.253957 -19.988632
-71.166401 -19.967760
-71.078846 -19.946888
-70.991290 -19.926015
-70.903735 -19.905143
-70.816179 -19.884271
-70.728624 -19.863399
-70.641068 -19.842527
-70.553513 -19.821654
-70.465957 -19.800782
-70.378402 -19.779910
-70.290846 -19.759038
-70.203290 -19.738166
-70.115735 -19.717293
-70.028179 -19.696421
-69.940624 -19.675549
-69.853068 -19.654677
-71.315347 -20.101289
-71.227484 -20.081750
-71.139622 -20.062210
-71.051759 -20.042671
-70.963897 -20.023132
-70.876034 -20.003593
-70.788171 -19.984054
-70.700309 -19.964514
-70.612446 -19.944975
-70.524584 -19.925436
-70.436721 -19.905897
-70.348858 -19.886357
-70.260996 -19.866818
-70.173133 -19.847279
-70.085270 -19.827740
-69.997408 -19.808200
-69.909545 -19.788661
-69.821683 -19.769122
-71.289282 -20.192998
-71.201150 -20.174711
-71.113018 -20.156425
-71.024886 -20.138139
-70.936754 -20.119853
-70.848622 -20.101566
-70.760490 -20.083280
-70.672358 -20.064994
-70.584226 -20.046707
-70.496095 -20.028421
-70.407963 -20.010135
-70.319831 -19.991848
-70.231699 -19.973562
-70.143567 -19.955276
-70.055435 -19.936990
-69.967303 -19.918703
-69.879171 -19.900417
-69.791039 -19.882131
-71.274058 -20.284607
-71.185696 -20.267469
-71.097333 -20.250331
-71.008971 -20.233193
-70.920609 -20.216055
-70.832246 -20.198917
-70.743884 -20.181779
-70.655522 -20.164641
-70.567159 -20.147503
-70.478797 -20.130365
-70.390434 -20.113226
-70.302072 -20.096088
-70.213710 -20.078950
-70.125347 -20.061812
-70.036985 -20.044674
-69.948623 -20.027536
-69.860260 -20.010398
-69.771898 -19.993260
-71.266904 -20.376156
-71.178338 -20.360103
-71.089772 -20.344049
-71.001206 -20.327996
-70.912640 -20.311943
-70.824074 -20.295889
-70.735509 -20.279836
-70.646943 -20.263783
-70.558377 -20.247729
-70.469811 -20.231676
-70.381245 -20.215623
-70.292679 -20.199569
-70.204113 -20.183516
-70.115548 -20.167462
-70.026982 -20.151409
-69.938416 -20.135356
-69.849850 -20.119302
-69.761284 -20.103249
-71.259828 -20.467694
-71.171074 -20.452713
-71.082321 -20.437732
-70.993567 -20.422751
-70.904814 -20.407771
-70.816060 -20.392790
-70.727307 -20.377809
-70.638553 -20.362829
-70.549799 -20.347848
-70.461046 -20.332867
-70.372292 -20.317887
-70.283539 -20.302906
-70.194785 -20.287925
-70.106031 -20.272944
-70.017278 -20.257964
-69.928524 -20.242983
-69.839771 -20.228002
-69.751017 -20.213022
-71.252756 -20.559262
-71.163823 -20.545387
-71.074890 -20.531512
-70.985957 -20.517637
-70.897023 -20.503763
-70.808090 -20.489888
-70.719157 -20.476013
-70.630224 -20.462138
-70.541291 -20.448263
-70.452358 -20.434388
-70.363425 -20.420513
-70.274491 -20.406638
-70.185558 -20.392763
-70.096625 -20.378888
-70.007692 -20.365013
-69.918759 -20.351138
-69.829826 -20.337263
-69.740892 -20.323388
-71.245669 -20.650857
-71.156567 -20.638114
-71.067464 -20.625372
-70.978362 -20.612629
-70.889259 -20.599887
-70.800157 -20.587144
-70.711054 -20.574402
-70.621952 -20.561659
-70.532849 -20.548917
-70.443747 -20.536174
-70.354644 -20.523432
-70.265542 -20.510689
-70.176439 -20.497947
-70.087337 -20.485204
-69.998234 -20.472462
-69.909132 -20.459719
-69.820030 -20.446977
-69.730927 -20.434234
-71.238550 -20.742479
-71.149289 -20.730898
-71.060028 -20.719317
-70.970767 -20.707736
-70.881507 -20.696155
-70.792246 -20.684574
-70.702985 -20.672993
-70.613724 -20.661412
-70.524463 -20.649831
-70.435202 -20.638251
-70.345941 -20.626670
-70.256681 -20.615089
-70.167420 -20.603508
-70.078159 -20.591927
-69.988898 -20.580346
-69.899637 -20.568765
-69.810376 -20.557184
-69.721115 -20.545603
-71.225436 -20.834126
-71.136030 -20.823733
-71.046623 -20.813341
-70.957216 -20.802948
-70.867809 -20.792555
-70.778402 -20.782162
-70.688995 -20.771770
-70.599588 -20.761377
-70.510181 -20.750984
-70.420774 -20.740591
-70.331367 -20.730199
-70.241960 -20.719806
-70.152553 -20.709413
-70.063146 -20.699020
-69.973739 -20.688628
-69.884332 -20.678235
-69.794925 -20.667842
-69.705518 -20.657449
-71.212024 -20.925758
-71.122489 -20.916538
-71.032953 -20.907317
-70.943418 -20.898097
-70.853882 -20.888877
-70.764347 -20.879656
-70.674811 -20.870436
-70.585276 -20.861216
-70.495740 -20.851995
-70.406205 -20.842775
-70.316669 -20.833554
-70.227134 -20.824334
-70.137598 -20.815114
-70.048063 -20.805893
-69.958527 -20.796673
-69.868992 -20.787453
-69.779456 -20.778232
-69.689921 -20.769012
-71.198629 -21.017362
-71.108983 -21.009284
-71.019337 -21.001206
-70.929691 -20.993128
-70.840046 -20.985050
-70.750400 -20.976972
-70.660754 -20.968894
-70.571108 -20.960816
-70.481463 -20.952738
-70.391817 -20.944660
-70.302171 -20.936582
-70.212525 -20.928504
-70.122879 -20.920426
-70.033234 -20.912348
-69.943588 -20.904270
-69.853942 -20.896191
-69.764296 -20.888113
-69.674651 -20.880035
-71.185254 -21.108888
-71.095519 -21.101870
-71.005784 -21.094852
-70.916049 -21.087835
-70.826314 -21.080817
-70.736579 -21.073799
-70.646844 -21.066781
-70.557109 -21.059764
-70.467374 -21.052746
-70.377639 -21.045728
-70.287904 -21.038711
-70.198169 -21.031693
-70.108434 -21.024675
-70.018699 -21.017657
-69.928964 -21.010640
-69.839229 -21.003622
-69.749494 -20.996604
-69.659758 -20.989586
-71.171898 -21.200307
-71.082093 -21.194237
-70.992289 -21.188168
-70.902485 -21.182098
-70.812681 -21.176029
-70.722877 -21.169959
-70.633073 -21.163889
-70.543269 -21.157820
-70.453465 -21.151750
-70.363660 -21.145681
-70.273856 -21.139611
-70.184052 -21.133541
-70.094248 -21.127472
-70.004444 -21.121402
-69.914640 -21.115333
-69.824836 -21.109263
-69.735032 -21.103194
-69.645228 -21.097124
-71.166487 -21.291652
-71.076629 -21.286452
-70.986770 -21.281252
-70.896911 -21.276052
-70.807053 -21.270852
-70.717194 -21.265652
-70.627335 -21.260452
-70.537477 -21.255253
-70.447618 -21.250053
-70.357759 -21.244853
-70.267901 -21.239653
-70.178042 -21.234453
-70.088183 -21.229253
-69.998325 -21.224053
-69.908466 -21.218854
-69.818607 -21.213654
-69.728749 -21.208454
-69.638890 -21.203254
-71.173913 -21.382926
-71.084012 -21.378522
-70.994111 -21.374118
-70.904209 -21.369714
-70.814308 -21.365310
-70.724407 -21.360905
-70.634506 -21.356501
-70.544605 -21.352097
-70.454703 -21.347693
-70.364802 -21.343289
-70.274901 -21.338885
-70.185000 -21.334481
-70.095099 -21.330076
-70.005198 -21.325672
-69.915296 -21.321268
-69.825395 -21.316864
-69.735494 -21.312460
-69.645593 -21.308056
-71.181350 -21.474139
-71.091416 -21.470466
-71.001482 -21.466793
-70.911548 -21.463120
-70.821614 -21.459447
-70.731679 -21.455773
-70.641745 -21.452100
-70.551811 -21.448427
-70.461877 -21.444754
-70.371943 -21.441081
-70.282009 -21.437408
-70.192075 -21.433735
-70.102141 -21.430062
-70.012207 -21.426388
-69.922273 -21.422715
-69.832339 -21.419042
-69.742405 -21.415369
-69.652471 -21.411696
-71.188797 -21.565274
-71.098839 -21.562249
-71.008881 -21.559224
-70.918922 -21.556200
-70.828964 -21.553175
-70.739006 -21.550150
-70.649048 -21.547126
-70.559090 -21.544101
-70.469132 -21.541076
-70.379173 -21.538052
-70.289215 -21.535027
-70.199257 -21.532002
-70.109299 -21.528978
-70.019341 -21.525953
-69.929383 -21.522928
-69.839424 -21.519904
-69.749466 -21.516879
-69.659508 -21.513854
-71.196249 -21.656394
-71.106272 -21.654002
-71.016295 -21.651611
-70.926317 -21.649220
-70.836340 -21.646829
-70.746363 -21.644437
-70.656386 -21.642046
-70.566408 -21.639655
-70.476431 -21.637263
-70.386454 -21.634872
-70.296477 -21.632481
-70.206499 -21.630089
-70.116522 -21.627698
-70.026545 -21.625307
-69.936568 -21.622915
-69.846591 -21.620524
-69.756613 -21.618133
-69.666636 -21.615742
-71.203706 -21.747499
-71.113714 -21.745726
-71.023723 -21.743953
-70.933731 -21.742180
-70.843740 -21.740407
-70.753748 -21.738634
-70.663756 -21.736861
-70.573765 -21.735087
-70.483773 -21.733314
-70.393782 -21.731541
-70.303790 -21.729768
-70.213799 -21.727995
-70.123807 -21.726222
-70.033816 -21.724449
-69.943824 -21.722675
-69.853833 -21.720902
-69.763841 -21.719129
-69.673850 -21.717356
-71.211163 -21.838642
-71.121161 -21.837526
-71.031159 -21.836410
-70.941157 -21.835294
-70.851155 -21.834178
-70.761153 -21.833062
-70.671151 -21.831946
-70.581149 -21.830830
-70.491147 -21.829714
-70.401145 -21.828598
-70.311143 -21.827482
-70.221141 -21.826366
-70.131138 -21.825250
-70.041136 -21.824134
-69.951134 -21.823018
-69.861132 -21.821902
-69.771130 -21.820786
-69.681128 -21.819671
-71.218624 -21.929814
-71.128616 -21.929386
-71.038608 -21.928959
-70.948600 -21.928531
-70.858592 -21.928103
-70.768584 -21.927675
-70.678576 -21.927247
-70.588568 -21.926819
-70.498560 -21.926391
-70.408552 -21.925963
-70.318544 -21.925535
-70.228536 -21.925107
-70.138528 -21.924679
-70.048520 -21.924251
-69.958512 -21.923823
-69.868504 -21.923396
-69.778496 -21.922968
-69.688488 -21.922540
-71.224417 -22.021028
-71.134408 -22.021332
-71.044400 -22.021636
-70.954391 -22.021940
-70.864383 -22.022244
-70.774374 -22.022548
-70.684366 -22.022852
-70.594357 -22.023156
-70.504349 -22.023460
-70.414340 -22.023764
-70.324332 -22.024068
-70.234323 -22.024372
-70.144315 -22.024676
-70.054306 -22.024979
-69.964298 -22.025283
-69.874289 -22.025587
-69.784281 -22.025891
-69.694272 -22.026195
-71.229125 -22.112284
-71.139122 -22.113365
-71.049119 -22.114445
-70.959117 -22.115525
-70.869114 -22.116606
-70.779112 -22.117686
-70.689109 -22.118767
-70.599107 -22.119847
-70.509104 -22.120927
-70.419102 -22.122008
-70.329099 -22.123088
-70.239097 -22.124169
-70.149094 -22.125249
-70.059092 -22.126329
-69.969089 -22.127410
-69.879087 -22.128490
-69.789084 -22.129571
-69.699082 -22.130651
-71.233795 -22.203569
-71.143806 -22.205455
-71.053817 -22.207341
-70.963828 -22.209228
-70.873839 -22.211114
-70.783849 -22.213001
-70.693860 -22.214887
-70.603871 -22.216773
-70.513882 -22.218660
-70.423892 -22.220546
-70.333903 -22.222433
-70.243914 -22.224319
-70.153925 -22.226206
-70.063935 -22.228092
-69.973946 -22.229978
-69.883957 -22.231865
-69.793968 -22.233751
-69.703979 -22.235638
-71.238472 -22.294872
-71.148504 -22.297585
-71.058536 -22.300298
-70.968568 -22.303011
-70.878600 -22.305723
-70.788632 -22.308436
-70.698664 -22.311149
-70.608696 -22.313862
-70.518727 -22.316575
-70.428759 -22.319288
-70.338791 -22.322000
-70.248823 -22.324713
-70.158855 -22.327426
-70.068887 -22.330139
-69.978919 -22.332852
-69.888951 -22.335565
-69.798983 -22.338277
-69.709015 -22.340990
-71.243153 -22.386176
-71.153214 -22.389716
-71.063275 -22.393256
-70.973335 -22.396796
-70.883396 -22.400336
-70.793457 -22.403875
-70.703517 -22.407415
-70.613578 -22.410955
-70.523638 -22.414495
-70.433699 -22.418035
-70.343760 -22.421575
-70.253820 -22.425114
-70.163881 -22.428654
-70.073942 -22.432194
-69.984002 -22.435734
-69.894063 -22.439274
-69.804123 -22.442814
-69.714184 -22.446353
-71.247841 -22.477465
-71.157938 -22.481816
-71.068034 -22.486167
-70.978130 -22.490517
-70.888226 -22.494868
-70.798323 -22.499219
-70.708419 -22.503569
-70.618515 -22.507920
-70.528611 -22.512271
-70.438707 -22.516622
-70.348804 -22.520972
-70.258900 -22.525323
-70.168996 -22.529674
-70.079092 -22.534025
-69.989188 -22.538375
-69.899285 -22.542726
-69.809381 -22.547077
-69.719477 -22.551427
-71.252539 -22.568719
-71.162676 -22.573845
-71.072813 -22.578970
-70.982950 -22.584095
-70.893087 -22.589221
-70.803224 -22.594346
-70.713361 -22.599471
-70.623498 -22.604597
-70.533635 -22.609722
-70.443772 -22.614847
-70.353909 -22.619972
-70.264046 -22.625098
-70.174183 -22.630223
-70.084320 -22.635348
-69.994457 -22.640474
-69.904594 -22.645599
-69.814731 -22.650724
-69.724868 -22.655850
-71.257239 -22.659927
-71.167420 -22.665777
-71.077602 -22.671627
-70.987783 -22.677477
-70.897964 -22.683327
-70.808146 -22.689177
-70.718327 -22.695028
-70.628508 -22.700878
-70.538690 -22.706728
-70.448871 -22.712578
-70.359052 -22.718428
-70.269234 -22.724278
-70.179415 -22.730129
-70.089596 -22.735979
-69.999778 -22.741829
-69.909959 -22.747679
-69.820140 -22.753529
-69.730321 -22.759380
-71.262028 -22.751076
-71.172255 -22.757591
-71.082482 -22.764105
-70.992709 -22.770619
-70.902936 -22.777134
-70.813163 -22.783648
-70.723390 -22.790163
-70.633617 -22.796677
-70.543844 -22.803192
-70.454071 -22.809706
-70.364298 -22.816221
-70.274525 -22.822735
-70.184752 -22.829250
-70.094979 -22.835764
-70.005206 -22.842279
-69.915433 -22.848793
-69.825660 -22.855307
-69.735888 -22.861822
-71.267050 -22.842165
-71.177323 -22.849281
-71.087596 -22.856396
-70.997868 -22.863512
-70.908141 -22.870627
-70.818414 -22.877743
-70.728687 -22.884858
-70.638959 -22.891974
-70.549232 -22.899089
-70.459505 -22.906205
-70.369777 -22.913320
-70.280050 -22.920436
-70.190323 -22.927551
-70.100595 -22.934666
-70.010868 -22.941782
-69.921141 -22.948897
-69.831413 -22.956013
-69.741686 -22.963128
-71.272035 -22.933189
-71.182351 -22.940837
-71.092668 -22.948484
-71.002984 -22.956132
-70.913300 -22.963779
-70.823617 -22.971427
-70.733933 -22.979074
-70.644250 -22.986721
-70.554566 -22.994369
-70.464883 -23.002016
-70.375199 -23.009664
-70.285516 -23.017311
-70.195832 -23.024959
-70.106149 -23.032606
-70.016465 -23.040254
-69.926782 -23.047901
-69.837098 -23.055548
-69.747414 -23.063196
-71.277064 -23.024155
-71.187422 -23.032273
-71.097780 -23.040392
-71.008138 -23.048510
-70.918495 -23.056628
-70.828853 -23.064746
-70.739211 -23.072864
-70.649569 -23.080983
-70.559927 -23.089101
-70.470285 -23.097219
-70.380642 -23.105337
-70.291000 -23.113456
-70.201358 -23.121574
-70.111716 -23.129692
-70.022074 -23.137810
-69.932432 -23.145928
-69.842790 -23.154047
-69.753147 -23.162165
-71.282053 -23.115072
-71.192449 -23.123609
-71.102846 -23.132146
-71.013243 -23.140683
-70.923640 -23.149220
-70.834037 -23.157757
-70.744433 -23.166295
-70.654830 -23.174832
-70.565227 -23.183369
-70.475624 -23.191906
-70.386020 -23.200443
-70.296417 -23.208980
-70.206814 -23.217518
-70.117211 -23.226055
-70.027608 -23.234592
-69.938004 -23.243129
-69.848401 -23.251666
-69.758798 -23.260203
